Dirichlet
     1 1.00000e+00
     2 1.00000e+00
     5 1.00000e+00
    10 1.00000e+00
    16 1.00000e+00
    24 1.00000e+00
    34 1.00000e+00
    44 1.00000e+00
    57 1.00000e+00
    71 1.00000e+00
    87 1.00000e+00
   104 1.00000e+00
   121 1.00000e+00
   144 1.00000e+00
   164 1.00000e+00
   187 1.00000e+00
   211 1.00000e+00
   237 1.00000e+00
   266 1.00000e+00
   295 1.00000e+00
   325 1.00000e+00
   355 1.00000e+00
   388 1.00000e+00
   420 1.00000e+00
   456 1.00000e+00
   489 1.00000e+00
   526 1.00000e+00
   562 1.00000e+00
   603 1.00000e+00
   644 1.00000e+00
   684 1.00000e+00
   731 1.00000e+00
   775 1.00000e+00
   821 1.00000e+00
   868 1.00000e+00
   917 1.00000e+00
   971 1.00000e+00
  1026 1.00000e+00
  1080 1.00000e+00
  1138 1.00000e+00
  1197 1.00000e+00
  1260 1.00000e+00
  1323 1.00000e+00
  1388 1.00000e+00
  1454 1.00000e+00
  1520 1.00000e+00
  1588 1.00000e+00
  1653 1.00000e+00
  1726 1.00000e+00
  1800 1.00000e+00
  1877 1.00000e+00
  1946 1.00000e+00
  2016 1.00000e+00
  2088 1.00000e+00
  2150 1.00000e+00
  2209 1.00000e+00
  2279 1.00000e+00
  5268 0.00000e+00
  5269 0.00000e+00
  5270 0.00000e+00
  5272 0.00000e+00
  5274 0.00000e+00
  5277 0.00000e+00
  5282 0.00000e+00
  5284 0.00000e+00
  5288 0.00000e+00
  5294 0.00000e+00
  5296 0.00000e+00
  5301 0.00000e+00
  5310 0.00000e+00
  5314 0.00000e+00
  5318 0.00000e+00
  5327 0.00000e+00
  5333 0.00000e+00
  5337 0.00000e+00
  5346 0.00000e+00
  5354 0.00000e+00
  5358 0.00000e+00
  5368 0.00000e+00
  5375 0.00000e+00
  5382 0.00000e+00
  5388 0.00000e+00
  5394 0.00000e+00
  5404 0.00000e+00
  5409 0.00000e+00
  5418 0.00000e+00
  5424 0.00000e+00
  5431 0.00000e+00
  5438 0.00000e+00
  5446 0.00000e+00
  5452 0.00000e+00
  5460 0.00000e+00
  5465 0.00000e+00
  5473 0.00000e+00
  5481 0.00000e+00
  5486 0.00000e+00
  5494 0.00000e+00
  5502 0.00000e+00
  5508 0.00000e+00
  5512 0.00000e+00
  5519 0.00000e+00
  5525 0.00000e+00
  5531 0.00000e+00
  5535 0.00000e+00
  5539 0.00000e+00
  5544 0.00000e+00
  5548 0.00000e+00
  5552 0.00000e+00
  5555 0.00000e+00
  5558 0.00000e+00
  5560 0.00000e+00
  5562 0.00000e+00
  5563 0.00000e+00
  5564 0.00000e+00
End Dirichlet

