Dirichlet
     1 1.00000e+00
     2 1.00000e+00
     5 1.00000e+00
    10 1.00000e+00
    16 1.00000e+00
    23 1.00000e+00
    33 1.00000e+00
    44 1.00000e+00
    57 1.00000e+00
    70 1.00000e+00
    85 1.00000e+00
   105 1.00000e+00
   126 1.00000e+00
   151 1.00000e+00
   177 1.00000e+00
   201 1.00000e+00
   226 1.00000e+00
   251 1.00000e+00
   280 1.00000e+00
   308 1.00000e+00
   337 1.00000e+00
   367 1.00000e+00
   401 1.00000e+00
   434 1.00000e+00
   463 1.00000e+00
  1104 0.00000e+00
  1105 0.00000e+00
  1106 0.00000e+00
  1107 0.00000e+00
  1108 0.00000e+00
  1111 0.00000e+00
  1114 0.00000e+00
  1118 0.00000e+00
  1123 0.00000e+00
  1124 0.00000e+00
  1130 0.00000e+00
  1131 0.00000e+00
  1134 0.00000e+00
  1138 0.00000e+00
  1141 0.00000e+00
  1145 0.00000e+00
  1148 0.00000e+00
  1152 0.00000e+00
  1156 0.00000e+00
  1159 0.00000e+00
  1162 0.00000e+00
  1165 0.00000e+00
  1168 0.00000e+00
  1170 0.00000e+00
  1172 0.00000e+00
  1173 0.00000e+00
  1174 0.00000e+00
End Dirichlet

