Dirichlet
     1      0.00000
     3      0.05000
     7      0.10000
    11      0.15000
    17      0.20000
    25      0.25000
    35      0.30000
    47      0.35000
    64      0.40000
    80      0.45000
    96      0.50000
   114      0.55000
   134      0.60000
   156      0.65000
   180      0.70000
   208      0.75000
   237      0.80000
   266      0.85000
   297      0.90000
   329      0.95000
   364      1.00000
   365      1.00000
   368      0.95000
   373      0.90000
   376      0.85000
   382      0.80000
   388      0.75000
   396      0.70000
   405      0.65000
   413      0.60000
   420      0.55000
   430      0.50000
   438      0.45000
   446      0.40000
   453      0.35000
   460      0.30000
   467      0.25000
   471      0.20000
   475      0.15000
   477      0.10000
   480      0.05000
   482      0.00000
End Dirichlet
