Dirichlet
     1 1.00000e+00
     3 1.00000e+00
     5 1.00000e+00
    11 1.00000e+00
    16 1.00000e+00
    26 1.00000e+00
    35 1.00000e+00
    45 1.00000e+00
    58 1.00000e+00
    72 1.00000e+00
    91 1.00000e+00
   108 1.00000e+00
   126 1.00000e+00
   147 1.00000e+00
   168 1.00000e+00
   193 1.00000e+00
   217 1.00000e+00
   243 1.00000e+00
   272 1.00000e+00
   300 1.00000e+00
   333 1.00000e+00
   364 1.00000e+00
   399 1.00000e+00
   433 1.00000e+00
   471 1.00000e+00
   516 1.00000e+00
   559 1.00000e+00
   604 1.00000e+00
   649 1.00000e+00
   695 1.00000e+00
   743 1.00000e+00
   791 1.00000e+00
   838 1.00000e+00
   886 1.00000e+00
   938 1.00000e+00
   988 1.00000e+00
  1038 1.00000e+00
  1089 1.00000e+00
  1140 1.00000e+00
  1190 1.00000e+00
  1236 1.00000e+00
  2919 0.00000e+00
  2920 0.00000e+00
  2922 0.00000e+00
  2924 0.00000e+00
  2927 0.00000e+00
  2929 0.00000e+00
  2931 0.00000e+00
  2937 0.00000e+00
  2941 0.00000e+00
  2944 0.00000e+00
  2948 0.00000e+00
  2954 0.00000e+00
  2959 0.00000e+00
  2964 0.00000e+00
  2969 0.00000e+00
  2975 0.00000e+00
  2980 0.00000e+00
  2987 0.00000e+00
  2992 0.00000e+00
  2998 0.00000e+00
  3004 0.00000e+00
  3010 0.00000e+00
  3017 0.00000e+00
  3021 0.00000e+00
  3028 0.00000e+00
  3033 0.00000e+00
  3037 0.00000e+00
  3044 0.00000e+00
  3050 0.00000e+00
  3055 0.00000e+00
  3058 0.00000e+00
  3063 0.00000e+00
  3068 0.00000e+00
  3072 0.00000e+00
  3076 0.00000e+00
  3079 0.00000e+00
  3082 0.00000e+00
  3084 0.00000e+00
  3086 0.00000e+00
  3087 0.00000e+00
  3088 0.00000e+00
End Dirichlet

