Dirichlet
     1 1.00000e+00
     2 1.00000e+00
     5 1.00000e+00
    10 1.00000e+00
    16 1.00000e+00
    23 1.00000e+00
    32 1.00000e+00
    43 1.00000e+00
    57 1.00000e+00
    69 1.00000e+00
    82 1.00000e+00
    98 1.00000e+00
   114 1.00000e+00
   133 1.00000e+00
   151 1.00000e+00
   174 1.00000e+00
   197 1.00000e+00
   220 1.00000e+00
   245 1.00000e+00
   273 1.00000e+00
   301 1.00000e+00
   332 1.00000e+00
   364 1.00000e+00
   396 1.00000e+00
   426 1.00000e+00
   460 1.00000e+00
   497 1.00000e+00
  1165 0.00000e+00
  1166 0.00000e+00
  1167 0.00000e+00
  1168 0.00000e+00
  1169 0.00000e+00
  1174 0.00000e+00
  1175 0.00000e+00
  1179 0.00000e+00
  1183 0.00000e+00
  1187 0.00000e+00
  1191 0.00000e+00
  1194 0.00000e+00
  1198 0.00000e+00
  1202 0.00000e+00
  1207 0.00000e+00
  1210 0.00000e+00
  1214 0.00000e+00
  1219 0.00000e+00
  1222 0.00000e+00
  1225 0.00000e+00
  1229 0.00000e+00
  1232 0.00000e+00
  1235 0.00000e+00
  1237 0.00000e+00
  1239 0.00000e+00
  1240 0.00000e+00
  1241 0.00000e+00
End Dirichlet

