Dirichlet
     1 0.00000e+00
     2 0.00000e+00
     5 0.00000e+00
     9 0.00000e+00
    15 0.00000e+00
    22 0.00000e+00
    31 0.00000e+00
    44 0.00000e+00
    59 0.00000e+00
    76 0.00000e+00
    95 0.00000e+00
   118 0.00000e+00
   139 0.00000e+00
   163 0.00000e+00
   188 0.00000e+00
   214 0.00000e+00
   244 0.00000e+00
   276 0.00000e+00
   310 0.00000e+00
   342 0.00000e+00
   375 0.00000e+00
   411 0.00000e+00
   453 0.00000e+00
   493 0.00000e+00
   534 0.00000e+00
   576 0.00000e+00
   619 0.00000e+00
   666 0.00000e+00
   718 0.00000e+00
   768 0.00000e+00
   822 0.00000e+00
   875 0.00000e+00
   930 0.00000e+00
   991 0.00000e+00
  1059 0.00000e+00
  1130 0.00000e+00
  1204 0.00000e+00
  1287 0.00000e+00
  1364 0.00000e+00
  1431 0.00000e+00
  1501 0.00000e+00
  3592 1.00000e+00
  3593 1.00000e+00
  3594 1.00000e+00
  3597 1.00000e+00
  3600 1.00000e+00
  3603 1.00000e+00
  3606 1.00000e+00
  3609 1.00000e+00
  3614 1.00000e+00
  3617 1.00000e+00
  3625 1.00000e+00
  3630 1.00000e+00
  3634 1.00000e+00
  3638 1.00000e+00
  3644 1.00000e+00
  3649 1.00000e+00
  3658 1.00000e+00
  3665 1.00000e+00
  3670 1.00000e+00
  3677 1.00000e+00
  3683 1.00000e+00
  3691 1.00000e+00
  3698 1.00000e+00
  3702 1.00000e+00
  3710 1.00000e+00
  3717 1.00000e+00
  3719 1.00000e+00
  3728 1.00000e+00
  3731 1.00000e+00
  3741 1.00000e+00
  3743 1.00000e+00
  3748 1.00000e+00
  3753 1.00000e+00
  3757 1.00000e+00
  3760 1.00000e+00
  3763 1.00000e+00
  3766 1.00000e+00
  3768 1.00000e+00
  3770 1.00000e+00
  3771 1.00000e+00
  3772 1.00000e+00
End Dirichlet

