Dirichlet
     1 0.00000e+00
     2 0.00000e+00
     3 0.00000e+00
     5 0.00000e+00
     6 0.00000e+00
    10 0.00000e+00
    11 0.00000e+00
    16 0.00000e+00
    17 0.00000e+00
    23 0.00000e+00
    24 0.00000e+00
    34 0.00000e+00
    35 0.00000e+00
    44 0.00000e+00
    45 0.00000e+00
    57 0.00000e+00
    58 0.00000e+00
    72 0.00000e+00
    73 0.00000e+00
    87 0.00000e+00
    88 0.00000e+00
   105 0.00000e+00
   106 0.00000e+00
   122 0.00000e+00
   123 0.00000e+00
   145 0.00000e+00
   146 0.00000e+00
   167 0.00000e+00
   168 0.00000e+00
   191 0.00000e+00
   192 0.00000e+00
   215 0.00000e+00
   216 0.00000e+00
   240 0.00000e+00
   241 0.00000e+00
   270 0.00000e+00
   271 0.00000e+00
   301 0.00000e+00
   302 0.00000e+00
   332 0.00000e+00
   333 0.00000e+00
   364 0.00000e+00
   365 0.00000e+00
   401 0.00000e+00
   402 0.00000e+00
   436 0.00000e+00
   437 0.00000e+00
   472 0.00000e+00
   473 0.00000e+00
   512 0.00000e+00
   513 0.00000e+00
   517 0.00000e+00
   518 0.00000e+00
   521 0.00000e+00
   522 0.00000e+00
   525 0.00000e+00
   526 0.00000e+00
   531 0.00000e+00
   532 0.00000e+00
   534 0.00000e+00
   535 0.00000e+00
   546 0.00000e+00
   547 0.00000e+00
   552 0.00000e+00
   553 0.00000e+00
   560 0.00000e+00
   561 0.00000e+00
   570 0.00000e+00
   571 0.00000e+00
   580 0.00000e+00
   581 0.00000e+00
   589 0.00000e+00
   590 0.00000e+00
   597 0.00000e+00
   598 0.00000e+00
   605 0.00000e+00
   606 0.00000e+00
   616 0.00000e+00
   617 0.00000e+00
   624 0.00000e+00
   625 0.00000e+00
   630 0.00000e+00
   631 0.00000e+00
   639 0.00000e+00
   640 0.00000e+00
   647 0.00000e+00
   648 0.00000e+00
   654 0.00000e+00
   655 0.00000e+00
   660 0.00000e+00
   661 0.00000e+00
   665 0.00000e+00
   666 0.00000e+00
   669 0.00000e+00
   670 0.00000e+00
   672 0.00000e+00
   673 0.00000e+00
   674 0.00000e+00
   675 0.00000e+00
   676 0.00000e+00
End Dirichlet

