Dirichlet
     1 1.00000e+00
     2 1.00000e+00
     5 1.00000e+00
    11 1.00000e+00
    17 1.00000e+00
    26 1.00000e+00
    34 1.00000e+00
    45 1.00000e+00
    59 1.00000e+00
    73 1.00000e+00
    90 1.00000e+00
   106 1.00000e+00
   125 1.00000e+00
   147 1.00000e+00
   163 1.00000e+00
   186 1.00000e+00
   208 1.00000e+00
   229 1.00000e+00
   252 1.00000e+00
   278 1.00000e+00
   306 1.00000e+00
   738 0.00000e+00
   739 0.00000e+00
   741 0.00000e+00
   742 0.00000e+00
   744 0.00000e+00
   747 0.00000e+00
   750 0.00000e+00
   753 0.00000e+00
   756 0.00000e+00
   759 0.00000e+00
   763 0.00000e+00
   766 0.00000e+00
   769 0.00000e+00
   772 0.00000e+00
   775 0.00000e+00
   778 0.00000e+00
   781 0.00000e+00
   783 0.00000e+00
   785 0.00000e+00
   786 0.00000e+00
   787 0.00000e+00
End Dirichlet

