Dirichlet
     1 0.00000e+00
     2 0.00000e+00
     5 0.00000e+00
    10 0.00000e+00
    16 0.00000e+00
    25 0.00000e+00
    34 0.00000e+00
    45 0.00000e+00
    60 0.00000e+00
    73 0.00000e+00
    90 0.00000e+00
   108 0.00000e+00
   128 0.00000e+00
   150 0.00000e+00
   175 0.00000e+00
   197 0.00000e+00
   226 0.00000e+00
   252 0.00000e+00
   282 0.00000e+00
   314 0.00000e+00
   345 0.00000e+00
   380 0.00000e+00
   414 0.00000e+00
   454 0.00000e+00
   492 0.00000e+00
   532 0.00000e+00
   577 0.00000e+00
   620 0.00000e+00
   666 0.00000e+00
   708 0.00000e+00
   754 0.00000e+00
   800 0.00000e+00
   847 0.00000e+00
   904 0.00000e+00
   971 0.00000e+00
  1041 0.00000e+00
  1117 0.00000e+00
  1201 0.00000e+00
  1276 0.00000e+00
  1340 0.00000e+00
  1404 0.00000e+00
  3443 1.00000e+00
  3444 1.00000e+00
  3445 1.00000e+00
  3446 1.00000e+00
  3450 1.00000e+00
  3455 1.00000e+00
  3457 1.00000e+00
  3460 1.00000e+00
  3464 1.00000e+00
  3468 1.00000e+00
  3472 1.00000e+00
  3479 1.00000e+00
  3483 1.00000e+00
  3489 1.00000e+00
  3494 1.00000e+00
  3499 1.00000e+00
  3505 1.00000e+00
  3511 1.00000e+00
  3517 1.00000e+00
  3521 1.00000e+00
  3529 1.00000e+00
  3534 1.00000e+00
  3541 1.00000e+00
  3547 1.00000e+00
  3552 1.00000e+00
  3558 1.00000e+00
  3562 1.00000e+00
  3568 1.00000e+00
  3574 1.00000e+00
  3579 1.00000e+00
  3583 1.00000e+00
  3587 1.00000e+00
  3592 1.00000e+00
  3596 1.00000e+00
  3600 1.00000e+00
  3603 1.00000e+00
  3606 1.00000e+00
  3608 1.00000e+00
  3610 1.00000e+00
  3611 1.00000e+00
  3612 1.00000e+00
End Dirichlet

