Dirichlet
     1      0.00000
     2      0.00000
     3      0.00000
     5      0.00000
     6      0.00000
    10      0.00000
    11      0.00000
    17      0.00000
    18      0.00000
    25      0.00000
    26      0.00000
    35      0.00000
    36      0.00000
    48      0.00000
    49      0.00000
    62      0.00000
    63      0.00000
    79      0.00000
    80      0.00000
    97      0.00000
    98      0.00000
   116      0.00000
   117      0.00000
   137      0.00000
   138      0.00000
   162      0.00000
   163      0.00000
   186      0.00000
   187      0.00000
   188      0.00000
   189      0.00000
   192      0.00000
   193      0.00000
   197      0.00000
   198      0.00000
   200      0.00000
   201      0.00000
   209      0.00000
   210      0.00000
   215      0.00000
   216      0.00000
   222      0.00000
   223      0.00000
   228      0.00000
   229      0.00000
   232      0.00000
   233      0.00000
   238      0.00000
   239      0.00000
   243      0.00000
   244      0.00000
   246      0.00000
   247      0.00000
   249      0.00000
   250      0.00000
   251      0.00000
End Dirichlet
