Dirichlet
     1 0.00000e+00
     2 0.00000e+00
     5 0.00000e+00
     9 0.00000e+00
    17 0.00000e+00
    26 0.00000e+00
    39 0.00000e+00
    53 0.00000e+00
    66 0.00000e+00
    82 0.00000e+00
    98 0.00000e+00
   119 0.00000e+00
   141 0.00000e+00
   161 0.00000e+00
   187 0.00000e+00
   215 0.00000e+00
   240 0.00000e+00
   274 0.00000e+00
   310 0.00000e+00
   351 0.00000e+00
   389 0.00000e+00
   933 1.00000e+00
   934 1.00000e+00
   936 1.00000e+00
   938 1.00000e+00
   940 1.00000e+00
   942 1.00000e+00
   946 1.00000e+00
   948 1.00000e+00
   952 1.00000e+00
   956 1.00000e+00
   959 1.00000e+00
   964 1.00000e+00
   966 1.00000e+00
   969 1.00000e+00
   973 1.00000e+00
   976 1.00000e+00
   979 1.00000e+00
   981 1.00000e+00
   983 1.00000e+00
   984 1.00000e+00
   985 1.00000e+00
End Dirichlet

