Dirichlet
     1 0.00000e+00
     2 0.00000e+00
     3 0.00000e+00
     5 0.00000e+00
     6 0.00000e+00
    10 0.00000e+00
    11 0.00000e+00
    16 0.00000e+00
    17 0.00000e+00
    23 0.00000e+00
    24 0.00000e+00
    34 0.00000e+00
    35 0.00000e+00
    44 0.00000e+00
    45 0.00000e+00
    57 0.00000e+00
    58 0.00000e+00
    72 0.00000e+00
    73 0.00000e+00
    87 0.00000e+00
    88 0.00000e+00
   105 0.00000e+00
   106 0.00000e+00
   122 0.00000e+00
   123 0.00000e+00
   143 0.00000e+00
   145 0.00000e+00
   167 0.00000e+00
   168 0.00000e+00
   191 0.00000e+00
   192 0.00000e+00
   215 0.00000e+00
   216 0.00000e+00
   240 0.00000e+00
   243 0.00000e+00
   270 0.00000e+00
   271 0.00000e+00
   301 0.00000e+00
   302 0.00000e+00
   333 0.00000e+00
   334 0.00000e+00
   364 0.00000e+00
   365 0.00000e+00
   401 0.00000e+00
   402 0.00000e+00
   436 0.00000e+00
   437 0.00000e+00
   472 0.00000e+00
   473 0.00000e+00
   513 0.00000e+00
   514 0.00000e+00
   556 0.00000e+00
   557 0.00000e+00
   599 0.00000e+00
   600 0.00000e+00
   641 0.00000e+00
   642 0.00000e+00
   684 0.00000e+00
   685 0.00000e+00
   735 0.00000e+00
   736 0.00000e+00
   781 0.00000e+00
   782 0.00000e+00
   834 0.00000e+00
   835 0.00000e+00
   885 0.00000e+00
   886 0.00000e+00
   938 0.00000e+00
   939 0.00000e+00
   996 0.00000e+00
   997 0.00000e+00
  1049 0.00000e+00
  1050 0.00000e+00
  1110 0.00000e+00
  1111 0.00000e+00
  1166 0.00000e+00
  1167 0.00000e+00
  1231 0.00000e+00
  1234 0.00000e+00
  1296 0.00000e+00
  1297 0.00000e+00
  1355 0.00000e+00
  1356 0.00000e+00
  1423 0.00000e+00
  1424 0.00000e+00
  1490 0.00000e+00
  1491 0.00000e+00
  1563 0.00000e+00
  1564 0.00000e+00
  1634 0.00000e+00
  1635 0.00000e+00
  1702 0.00000e+00
  1703 0.00000e+00
  1777 0.00000e+00
  1778 0.00000e+00
  1851 0.00000e+00
  1852 0.00000e+00
  1930 0.00000e+00
  1931 0.00000e+00
  2010 0.00000e+00
  2011 0.00000e+00
  2092 0.00000e+00
  2094 0.00000e+00
  2174 0.00000e+00
  2175 0.00000e+00
  2255 0.00000e+00
  2256 0.00000e+00
  2340 0.00000e+00
  2341 0.00000e+00
  2422 0.00000e+00
  2424 0.00000e+00
  2517 0.00000e+00
  2518 0.00000e+00
  2604 0.00000e+00
  2605 0.00000e+00
  2696 0.00000e+00
  2697 0.00000e+00
  2787 0.00000e+00
  2788 0.00000e+00
  2882 0.00000e+00
  2883 0.00000e+00
  2885 0.00000e+00
  2886 0.00000e+00
  2891 0.00000e+00
  2892 0.00000e+00
  2894 0.00000e+00
  2895 0.00000e+00
  2900 0.00000e+00
  2901 0.00000e+00
  2913 0.00000e+00
  2914 0.00000e+00
  2918 0.00000e+00
  2919 0.00000e+00
  2925 0.00000e+00
  2926 0.00000e+00
  2940 0.00000e+00
  2941 0.00000e+00
  2950 0.00000e+00
  2951 0.00000e+00
  2962 0.00000e+00
  2963 0.00000e+00
  2979 0.00000e+00
  2980 0.00000e+00
  2993 0.00000e+00
  2994 0.00000e+00
  3007 0.00000e+00
  3008 0.00000e+00
  3025 0.00000e+00
  3026 0.00000e+00
  3042 0.00000e+00
  3043 0.00000e+00
  3057 0.00000e+00
  3058 0.00000e+00
  3078 0.00000e+00
  3079 0.00000e+00
  3096 0.00000e+00
  3097 0.00000e+00
  3112 0.00000e+00
  3113 0.00000e+00
  3136 0.00000e+00
  3137 0.00000e+00
  3154 0.00000e+00
  3155 0.00000e+00
  3175 0.00000e+00
  3176 0.00000e+00
  3193 0.00000e+00
  3194 0.00000e+00
  3215 0.00000e+00
  3216 0.00000e+00
  3233 0.00000e+00
  3234 0.00000e+00
  3258 0.00000e+00
  3259 0.00000e+00
  3276 0.00000e+00
  3278 0.00000e+00
  3296 0.00000e+00
  3297 0.00000e+00
  3319 0.00000e+00
  3320 0.00000e+00
  3335 0.00000e+00
  3336 0.00000e+00
  3359 0.00000e+00
  3360 0.00000e+00
  3378 0.00000e+00
  3379 0.00000e+00
  3396 0.00000e+00
  3397 0.00000e+00
  3418 0.00000e+00
  3419 0.00000e+00
  3439 0.00000e+00
  3440 0.00000e+00
  3453 0.00000e+00
  3454 0.00000e+00
  3475 0.00000e+00
  3476 0.00000e+00
  3492 0.00000e+00
  3493 0.00000e+00
  3510 0.00000e+00
  3511 0.00000e+00
  3524 0.00000e+00
  3525 0.00000e+00
  3543 0.00000e+00
  3544 0.00000e+00
  3559 0.00000e+00
  3560 0.00000e+00
  3576 0.00000e+00
  3577 0.00000e+00
  3590 0.00000e+00
  3591 0.00000e+00
  3603 0.00000e+00
  3604 0.00000e+00
  3615 0.00000e+00
  3616 0.00000e+00
  3629 0.00000e+00
  3630 0.00000e+00
  3642 0.00000e+00
  3643 0.00000e+00
  3654 0.00000e+00
  3655 0.00000e+00
  3665 0.00000e+00
  3666 0.00000e+00
  3675 0.00000e+00
  3676 0.00000e+00
  3684 0.00000e+00
  3685 0.00000e+00
  3692 0.00000e+00
  3693 0.00000e+00
  3699 0.00000e+00
  3700 0.00000e+00
  3705 0.00000e+00
  3706 0.00000e+00
  3710 0.00000e+00
  3711 0.00000e+00
  3714 0.00000e+00
  3715 0.00000e+00
  3717 0.00000e+00
  3718 0.00000e+00
  3719 0.00000e+00
  3720 0.00000e+00
  3721 0.00000e+00
End Dirichlet

