Dirichlet
  3413 0.00000e+00
  3414 0.00000e+00
  3416 0.00000e+00
  3418 0.00000e+00
  3420 0.00000e+00
  3423 0.00000e+00
  3426 0.00000e+00
  3427 0.00000e+00
  3431 0.00000e+00
  3435 0.00000e+00
  3439 0.00000e+00
  3441 0.00000e+00
  3445 0.00000e+00
  3448 0.00000e+00
  3450 0.00000e+00
  3454 0.00000e+00
  3456 0.00000e+00
  3458 0.00000e+00
  3460 0.00000e+00
  3461 0.00000e+00
  3462 0.00000e+00
End Dirichlet

Neumann
     1 -1.00000e+00
     2 -1.00000e+00
     6 -1.00000e+00
    11 -1.00000e+00
    17 -1.00000e+00
    27 -1.00000e+00
    37 -1.00000e+00
    49 -1.00000e+00
    63 -1.00000e+00
    78 -1.00000e+00
    95 -1.00000e+00
   116 -1.00000e+00
   138 -1.00000e+00
   159 -1.00000e+00
   181 -1.00000e+00
   208 -1.00000e+00
   232 -1.00000e+00
   273 -1.00000e+00
   450 -1.00000e+00
   892 -1.00000e+00
  1376 -1.00000e+00
End Neumann
