Dirichlet
     1 1.00000e+00
     3 1.00000e+00
     5 1.00000e+00
    11 1.00000e+00
    16 1.00000e+00
    25 1.00000e+00
    34 1.00000e+00
    45 1.00000e+00
    60 1.00000e+00
    74 1.00000e+00
    91 1.00000e+00
   111 1.00000e+00
   129 1.00000e+00
   151 1.00000e+00
   175 1.00000e+00
   201 1.00000e+00
   226 1.00000e+00
   252 1.00000e+00
   281 1.00000e+00
   311 1.00000e+00
   342 1.00000e+00
   377 1.00000e+00
   414 1.00000e+00
   450 1.00000e+00
   491 1.00000e+00
   530 1.00000e+00
   578 1.00000e+00
   622 1.00000e+00
   667 1.00000e+00
   714 1.00000e+00
   763 1.00000e+00
   819 1.00000e+00
   867 1.00000e+00
   917 1.00000e+00
   968 1.00000e+00
  1027 1.00000e+00
  1079 1.00000e+00
  1140 1.00000e+00
  1205 1.00000e+00
  1266 1.00000e+00
  1336 1.00000e+00
  1405 1.00000e+00
  1476 1.00000e+00
  1546 1.00000e+00
  1619 1.00000e+00
  1690 1.00000e+00
  1759 1.00000e+00
  1827 1.00000e+00
  1887 1.00000e+00
  1958 1.00000e+00
  2020 1.00000e+00
  4732 0.00000e+00
  4733 0.00000e+00
  4736 0.00000e+00
  4739 0.00000e+00
  4741 0.00000e+00
  4742 0.00000e+00
  4746 0.00000e+00
  4748 0.00000e+00
  4755 0.00000e+00
  4760 0.00000e+00
  4765 0.00000e+00
  4768 0.00000e+00
  4777 0.00000e+00
  4782 0.00000e+00
  4787 0.00000e+00
  4793 0.00000e+00
  4802 0.00000e+00
  4808 0.00000e+00
  4817 0.00000e+00
  4821 0.00000e+00
  4832 0.00000e+00
  4838 0.00000e+00
  4846 0.00000e+00
  4854 0.00000e+00
  4863 0.00000e+00
  4871 0.00000e+00
  4878 0.00000e+00
  4888 0.00000e+00
  4895 0.00000e+00
  4905 0.00000e+00
  4911 0.00000e+00
  4917 0.00000e+00
  4924 0.00000e+00
  4930 0.00000e+00
  4937 0.00000e+00
  4944 0.00000e+00
  4951 0.00000e+00
  4957 0.00000e+00
  4962 0.00000e+00
  4967 0.00000e+00
  4973 0.00000e+00
  4978 0.00000e+00
  4983 0.00000e+00
  4987 0.00000e+00
  4991 0.00000e+00
  4994 0.00000e+00
  4997 0.00000e+00
  4999 0.00000e+00
  5001 0.00000e+00
  5002 0.00000e+00
  5003 0.00000e+00
End Dirichlet

