Dirichlet
     1 1.00000e+00
     3 1.00000e+00
     6 1.00000e+00
    11 1.00000e+00
    16 1.00000e+00
    25 1.00000e+00
    35 1.00000e+00
    48 1.00000e+00
    60 1.00000e+00
    74 1.00000e+00
    91 1.00000e+00
   111 1.00000e+00
   130 1.00000e+00
   153 1.00000e+00
   176 1.00000e+00
   203 1.00000e+00
   233 1.00000e+00
   260 1.00000e+00
   291 1.00000e+00
   324 1.00000e+00
   358 1.00000e+00
   391 1.00000e+00
   425 1.00000e+00
   460 1.00000e+00
   499 1.00000e+00
   539 1.00000e+00
   585 1.00000e+00
   627 1.00000e+00
   669 1.00000e+00
   711 1.00000e+00
   761 1.00000e+00
   805 1.00000e+00
   855 1.00000e+00
   905 1.00000e+00
   955 1.00000e+00
  1008 1.00000e+00
  1057 1.00000e+00
  1110 1.00000e+00
  1164 1.00000e+00
  1216 1.00000e+00
  1267 1.00000e+00
  3061 0.00000e+00
  3062 0.00000e+00
  3064 0.00000e+00
  3066 0.00000e+00
  3068 0.00000e+00
  3072 0.00000e+00
  3076 0.00000e+00
  3081 0.00000e+00
  3084 0.00000e+00
  3086 0.00000e+00
  3091 0.00000e+00
  3097 0.00000e+00
  3104 0.00000e+00
  3110 0.00000e+00
  3115 0.00000e+00
  3122 0.00000e+00
  3129 0.00000e+00
  3135 0.00000e+00
  3140 0.00000e+00
  3149 0.00000e+00
  3155 0.00000e+00
  3160 0.00000e+00
  3168 0.00000e+00
  3173 0.00000e+00
  3180 0.00000e+00
  3185 0.00000e+00
  3191 0.00000e+00
  3195 0.00000e+00
  3201 0.00000e+00
  3207 0.00000e+00
  3211 0.00000e+00
  3214 0.00000e+00
  3219 0.00000e+00
  3223 0.00000e+00
  3227 0.00000e+00
  3230 0.00000e+00
  3233 0.00000e+00
  3235 0.00000e+00
  3237 0.00000e+00
  3238 0.00000e+00
  3239 0.00000e+00
End Dirichlet

