Dirichlet
     1 1.00000e+00
     3 1.00000e+00
     6 1.00000e+00
    11 1.00000e+00
    18 1.00000e+00
    24 1.00000e+00
    34 1.00000e+00
    48 1.00000e+00
    63 1.00000e+00
    77 1.00000e+00
    94 1.00000e+00
   116 1.00000e+00
   137 1.00000e+00
   161 1.00000e+00
   185 1.00000e+00
   209 1.00000e+00
   235 1.00000e+00
   266 1.00000e+00
   295 1.00000e+00
   326 1.00000e+00
   360 1.00000e+00
   397 1.00000e+00
   436 1.00000e+00
   479 1.00000e+00
   521 1.00000e+00
   564 1.00000e+00
   606 1.00000e+00
   653 1.00000e+00
   702 1.00000e+00
   753 1.00000e+00
   800 1.00000e+00
   851 1.00000e+00
   904 1.00000e+00
   957 1.00000e+00
  1011 1.00000e+00
  1072 1.00000e+00
  1142 1.00000e+00
  1217 1.00000e+00
  1288 1.00000e+00
  1358 1.00000e+00
  1425 1.00000e+00
  3513 0.00000e+00
  3514 0.00000e+00
  3516 0.00000e+00
  3518 0.00000e+00
  3520 0.00000e+00
  3524 0.00000e+00
  3526 0.00000e+00
  3531 0.00000e+00
  3534 0.00000e+00
  3539 0.00000e+00
  3542 0.00000e+00
  3550 0.00000e+00
  3556 0.00000e+00
  3561 0.00000e+00
  3566 0.00000e+00
  3571 0.00000e+00
  3580 0.00000e+00
  3587 0.00000e+00
  3591 0.00000e+00
  3596 0.00000e+00
  3604 0.00000e+00
  3611 0.00000e+00
  3615 0.00000e+00
  3618 0.00000e+00
  3630 0.00000e+00
  3631 0.00000e+00
  3638 0.00000e+00
  3643 0.00000e+00
  3647 0.00000e+00
  3654 0.00000e+00
  3658 0.00000e+00
  3661 0.00000e+00
  3669 0.00000e+00
  3671 0.00000e+00
  3674 0.00000e+00
  3676 0.00000e+00
  3680 0.00000e+00
  3682 0.00000e+00
  3684 0.00000e+00
  3685 0.00000e+00
  3686 0.00000e+00
End Dirichlet

