Dirichlet
     1 1.00000e+00
     3 1.00000e+00
     6 1.00000e+00
    12 1.00000e+00
    18 1.00000e+00
    27 1.00000e+00
    37 1.00000e+00
    46 1.00000e+00
    56 1.00000e+00
    70 1.00000e+00
    83 1.00000e+00
   103 1.00000e+00
   122 1.00000e+00
   146 1.00000e+00
   168 1.00000e+00
   194 1.00000e+00
   217 1.00000e+00
   521 0.00000e+00
   522 0.00000e+00
   524 0.00000e+00
   526 0.00000e+00
   531 0.00000e+00
   532 0.00000e+00
   536 0.00000e+00
   537 0.00000e+00
   539 0.00000e+00
   540 0.00000e+00
   541 0.00000e+00
   545 0.00000e+00
   546 0.00000e+00
   549 0.00000e+00
   552 0.00000e+00
   554 0.00000e+00
   555 0.00000e+00
   557 0.00000e+00
   558 0.00000e+00
End Dirichlet

