Dirichlet
     1 1.00000e+00
     2 1.00000e+00
     5 1.00000e+00
    10 1.00000e+00
    16 1.00000e+00
    23 1.00000e+00
    33 1.00000e+00
    43 1.00000e+00
    54 1.00000e+00
    68 1.00000e+00
    82 1.00000e+00
   101 1.00000e+00
   120 1.00000e+00
   146 1.00000e+00
   169 1.00000e+00
   411 0.00000e+00
   412 0.00000e+00
   413 0.00000e+00
   415 0.00000e+00
   417 0.00000e+00
   418 0.00000e+00
   421 0.00000e+00
   423 0.00000e+00
   425 0.00000e+00
   427 0.00000e+00
   430 0.00000e+00
   432 0.00000e+00
   434 0.00000e+00
   436 0.00000e+00
   437 0.00000e+00
   438 0.00000e+00
End Dirichlet

