Dirichlet
     1 0.00000e+00
     3 0.00000e+00
     6 0.00000e+00
    11 0.00000e+00
    17 0.00000e+00
    24 0.00000e+00
    35 0.00000e+00
    45 0.00000e+00
    57 0.00000e+00
    73 0.00000e+00
    88 0.00000e+00
   106 0.00000e+00
   123 0.00000e+00
   145 0.00000e+00
   168 0.00000e+00
   191 0.00000e+00
   216 0.00000e+00
   241 0.00000e+00
   271 0.00000e+00
   302 0.00000e+00
   334 0.00000e+00
   365 0.00000e+00
   401 0.00000e+00
   437 0.00000e+00
   473 0.00000e+00
   515 0.00000e+00
   555 0.00000e+00
   600 0.00000e+00
   642 0.00000e+00
   686 0.00000e+00
   734 0.00000e+00
   735 1.00000e+00
   738 1.00000e+00
   742 1.00000e+00
   748 1.00000e+00
   752 1.00000e+00
   757 1.00000e+00
   768 1.00000e+00
   776 1.00000e+00
   784 1.00000e+00
   795 1.00000e+00
   805 1.00000e+00
   817 1.00000e+00
   827 1.00000e+00
   838 1.00000e+00
   846 1.00000e+00
   858 1.00000e+00
   869 1.00000e+00
   879 1.00000e+00
   889 1.00000e+00
   900 1.00000e+00
   906 1.00000e+00
   916 1.00000e+00
   925 1.00000e+00
   933 1.00000e+00
   940 1.00000e+00
   946 1.00000e+00
   951 1.00000e+00
   955 1.00000e+00
   958 1.00000e+00
   960 1.00000e+00
   961 1.00000e+00
End Dirichlet

