Dirichlet
     1 0.00000e+00
     3 0.00000e+00
     6 0.00000e+00
    11 0.00000e+00
    17 0.00000e+00
    24 0.00000e+00
    35 0.00000e+00
    45 0.00000e+00
    58 0.00000e+00
    73 0.00000e+00
    88 0.00000e+00
   106 0.00000e+00
   123 0.00000e+00
   146 0.00000e+00
   168 0.00000e+00
   192 0.00000e+00
   216 0.00000e+00
   241 0.00000e+00
   271 0.00000e+00
   302 0.00000e+00
   333 0.00000e+00
   365 0.00000e+00
   402 0.00000e+00
   437 0.00000e+00
   473 0.00000e+00
   512 0.00000e+00
   513 1.00000e+00
   518 1.00000e+00
   522 1.00000e+00
   526 1.00000e+00
   532 1.00000e+00
   535 1.00000e+00
   547 1.00000e+00
   553 1.00000e+00
   561 1.00000e+00
   571 1.00000e+00
   581 1.00000e+00
   590 1.00000e+00
   598 1.00000e+00
   606 1.00000e+00
   617 1.00000e+00
   625 1.00000e+00
   631 1.00000e+00
   639 1.00000e+00
   648 1.00000e+00
   655 1.00000e+00
   661 1.00000e+00
   666 1.00000e+00
   670 1.00000e+00
   673 1.00000e+00
   675 1.00000e+00
   676 1.00000e+00
End Dirichlet

