Dirichlet
     1 1.00000e+00
     2 1.00000e+00
     5 1.00000e+00
    11 1.00000e+00
    17 1.00000e+00
    24 1.00000e+00
    34 1.00000e+00
    44 1.00000e+00
    58 1.00000e+00
    73 1.00000e+00
    88 1.00000e+00
   108 1.00000e+00
   129 1.00000e+00
   151 1.00000e+00
   177 1.00000e+00
   205 1.00000e+00
   230 1.00000e+00
   262 1.00000e+00
   295 1.00000e+00
   330 1.00000e+00
   370 1.00000e+00
  1169 0.00000e+00
  1170 0.00000e+00
  1172 0.00000e+00
  1173 0.00000e+00
  1175 0.00000e+00
  1179 0.00000e+00
  1181 0.00000e+00
  1184 0.00000e+00
  1187 0.00000e+00
  1190 0.00000e+00
  1194 0.00000e+00
  1197 0.00000e+00
  1200 0.00000e+00
  1203 0.00000e+00
  1206 0.00000e+00
  1209 0.00000e+00
  1212 0.00000e+00
  1214 0.00000e+00
  1216 0.00000e+00
  1217 0.00000e+00
  1218 0.00000e+00
End Dirichlet

