Dirichlet
     1 0.00000e+00
     2 0.00000e+00
     5 0.00000e+00
     9 0.00000e+00
    16 0.00000e+00
    23 0.00000e+00
    31 0.00000e+00
    39 0.00000e+00
    47 0.00000e+00
    59 0.00000e+00
    69 0.00000e+00
    84 0.00000e+00
   102 0.00000e+00
   120 0.00000e+00
   140 0.00000e+00
   160 0.00000e+00
   180 0.00000e+00
   423 1.00000e+00
   424 1.00000e+00
   425 1.00000e+00
   427 1.00000e+00
   430 1.00000e+00
   431 1.00000e+00
   434 1.00000e+00
   436 1.00000e+00
   438 1.00000e+00
   440 1.00000e+00
   442 1.00000e+00
   444 1.00000e+00
   446 1.00000e+00
   448 1.00000e+00
   450 1.00000e+00
   451 1.00000e+00
   452 1.00000e+00
End Dirichlet

